Reading PNG : pngs/lime.png
Verifying PNG File Signature
Parsing Signature: path=pngs/lime.png, signature_length=0, buffer=137, png_buffer=137
Parsing Signature: path=pngs/lime.png, signature_length=1, buffer=80, png_buffer=80
Parsing Signature: path=pngs/lime.png, signature_length=2, buffer=78, png_buffer=78
Parsing Signature: path=pngs/lime.png, signature_length=3, buffer=71, png_buffer=71
Parsing Signature: path=pngs/lime.png, signature_length=4, buffer=13, png_buffer=13
Parsing Signature: path=pngs/lime.png, signature_length=5, buffer=10, png_buffer=10
Parsing Signature: path=pngs/lime.png, signature_length=6, buffer=26, png_buffer=26
Parsing Signature: path=pngs/lime.png, signature_length=7, buffer=10, png_buffer=10
PNG File Signature valid
Length START
Reading (4 bytes ) from offset=8, target=12 
0,0,0,13,
-----
Length END
Type START
Reading (4 bytes ) from offset=12, target=16 
73,72,68,82,
-----
Type END= IHDR, 0x49484452
Data START
Reading (13 bytes ) from offset=16, target=29 
0,0,4,0,0,0,4,0,8,6,0,0,0,
-----
Data END
Crc START
Reading (4 bytes ) from offset=29, target=33 
127,29,43,131,
-----
Crc END
Length START
Reading (4 bytes ) from offset=33, target=37 
0,0,0,32,
-----
Length END
Type START
Reading (4 bytes ) from offset=37, target=41 
99,72,82,77,
-----
Type END= cHRM, 0x6348524D
Data START
Reading (32 bytes ) from offset=41, target=73 
0,0,122,37,0,0,128,131,0,0,249,
-----
Data END
Crc START
Reading (4 bytes ) from offset=73, target=77 
146,95,197,70,
-----
Crc END
Length START
Reading (4 bytes ) from offset=77, target=81 
0,0,0,6,
-----
Length END
Type START
Reading (4 bytes ) from offset=81, target=85 
98,75,71,68,
-----
Type END= bKGD, 0x624B4744
Data START
Reading (6 bytes ) from offset=85, target=91 
0,
-----
Data END
Crc START
Reading (4 bytes ) from offset=91, target=95 
160,189,167,147,
-----
Crc END
Length START
Reading (4 bytes ) from offset=95, target=99 
0,0,0,9,
-----
Length END
Type START
Reading (4 bytes ) from offset=99, target=103 
112,72,89,115,
-----
Type END= pHYs, 0x70485973
Data START
Reading (9 bytes ) from offset=103, target=112 
0,0,11,19,0,0,11,19,1,
-----
Data END
Crc START
Reading (4 bytes ) from offset=112, target=116 
0,154,156,24,
-----
Crc END
Length START
Reading (4 bytes ) from offset=116, target=120 
0,0,128,0,
-----
Length END
Type START
Reading (4 bytes ) from offset=120, target=124 
73,68,65,84,
-----
Type END= IDAT, 0x49444154
Data START
Reading (32768 bytes ) from offset=124, target=32892 
120,218,236,253,117,180,37,89,126,157,139,238,106,144,90,178,36,91,146,237,103,188,182,223,245,240,243,179,44,217,178,90,205,88,92,201,153,149,204,204,121,242,228,73,102,102,58,204,204,204,184,153,25,15,115,50,85,22,52,72,178,44,183,52,223,92,107,103,165,90,111,248,222,225,107,91,182,37,253,254,248,198,138,29,59,96,69,196,62,85,249,205,88,96,0,96,16,4,65,16,4,65,16,4,65,16,4,225,175,55,114,19,4,65,16,4,65,16,4,65,16,4,65,2,0,65,16,4,65,16,4,65,16,4,65,16,36,0,16,4,65,16,4,65,16,4,65,16,4,65,2,0,65,16,4,65,16,4,65,16,4,65,16,36,0,16,4,65,16,4,65,16,4,65,16,4,65,2,0,65,16,4,65,16,4,65,16,4,65,16,36,0,16,4,65,16,4,65,16,4,65,16,4,65,2,0,65,16,4,65,16,4,65,16,4,65,16,36,0,16,4,65,16,4,65,16,4,65,16,4,9,0,4,65,16,4,65,16,4,65,16,4,65,144,0,64,16,4,65,16,4,65,16,4,65,16,4,9,0,4,65,16,4,65,16,4,65,16,4,65,144,0,64,16,4,65,16,4,65,16,4,65,16,4,9,0,4,65,16,4,65,16,4,65,16,4,65,144,0,64,16,4,65,16,4,65,16,4,65,16,4,9,0,4,65,16,4,65,16,4,65,16,4,65,144,0,64,16,4,65,16,4,65,16,4,65,16,36,0,16,4,65,16,4,65,16,4,65,16,4,65,2,0,65,16,4,65,16,4,65,16,4,65,16,36,0,16,4,65,16,4,65,16,4,65,16,4,65,2,0,65,16,4,65,16,4,65,16,4,65,16,36,0,16,4,65,16,4,65,16,4,65,16,4,65,2,0,65,16,4,65,16,4,65,16,4,65,16,36,0,16,4,65,16,4,65,16,4,65,16,4,65,2,0,65,16,4,65,16,4,65,16,4,65,144,0,64,110,130,32,8,130,32,8,130,32,8,130,32,72,0,32,8,130,32,8,130,32,8,130,32,8,130,4,0,130,32,8,130,32,8,130,32,8,130,32,72,0,32,8,130,32,8,130,32,8,130,32,8,130,4,0,130,32,8,130,32,8,130,32,8,130,32,72,0,32,8,130,32,8,130,32,8,130,32,8,130,4,0,130,32,8,130,32,8,130,32,8,130,32,72,0,32,8,130,32,8,130,32,8,130,32,8,130,4,0,130,32,8,130,32,8,130,32,8,130,32,1,128,32,8,130,32,8,130,32,8,130,32,8,18,0,8,130,32,8,130,32,8,130,32,8,130,32,1,128,32,8,130,32,8,130,32,8,130,32,8,18,0,8,130,32,8,130,32,8,130,32,8,130,32,1,128,32,8,130,32,8,130,32,8,130,32,8,18,0,8,130,32,8,130,32,8,130,32,8,130,32,1,128,32,8,130,32,8,130,32,8,130,32,8,18,0,8,130,32,8,130,32,8,130,32,8,130,4,0,130,32,8,130,32,8,130,32,8,130,32,72,0,32,8,130,32,8,130,32,8,130,32,8,130,4,0,130,32,8,130,32,8,130,32,8,130,32,72,0,32,8,130,32,8,130,32,8,130,32,8,130,4,0,130,32,8,130,32,8,130,32,8,130,32,72,0,32,8,130,32,8,130,32,8,130,32,8,130,4,0,130,32,8,130,32,8,130,32,8,130,32,72,0,32,8,130,32,8,130,32,8,130,32,8,18,0,200,77,16,4,65,16,4,65,16,4,65,16,4,9,0,4,65,16,4,65,16,4,65,16,4,65,144,0,64,16,4,65,16,4,65,16,4,65,16,4,9,0,4,65,16,4,65,16,4,65,16,4,65,144,0,64,16,4,65,16,4,65,16,4,65,16,4,9,0,4,65,16,4,65,16,4,65,16,4,65,144,0,64,16,4,65,16,4,65,16,4,65,16,4,9,0,4,65,16,4,65,16,4,65,16,4,65,144,0,64,16,4,65,16,4,65,16,4,65,16,36,0,16,4,65,16,4,65,16,4,65,16,4,65,2,0,65,16,4,65,16,4,65,16,4,65,16,36,0,16,4,65,16,4,65,16,4,65,16,4,65,2,0,65,16,4,65,16,4,65,16,4,65,16,36,0,16,4,65,16,4,65,16,4,65,16,4,65,2,0,65,16,4,65,16,4,65,16,4,65,16,36,0,16,4,65,16,4,65,16,4,65,16,4,65,2,0,65,16,4,65,16,4,65,16,4,65,144,0,64,16,4,65,16,4,65,16,4,65,16,4,9,0,4,65,16,4,65,16,4,65,16,4,65,144,0,64,16,4,65,16,4,65,16,4,65,16,4,9,0,4,65,16,4,65,16,4,65,16,4,65,144,0,64,16,4,65,16,4,65,16,4,65,16,4,9,0,4,65,16,4,65,16,4,65,16,4,65,144,0,64,16,4,65,16,4,65,16,4,65,16,4,9,0,4,65,16,4,65,16,4,65,16,4,65,2,0,185,9,130,32,8,130,32,8,130,32,8,130,32,1,128,32,8,130,32,8,130,32,8,130,32,8,18,0,8,130,32,8,130,32,8,130,32,8,130,32,1,128,32,8,130,32,8,130,32,8,130,32,8,18,0,8,130,32,8,130,32,8,130,32,8,130,32,1,128,32,8,130,32,8,130,32,8,130,32,8,18,0,8,130,32,8,130,32,8,130,32,8,130,32,1,128,32,8,130,32,8,130,32,8,130,32,8,18,0,8,130,32,8,130,32,8,130,32,8,130,4,0,130,32,8,130,32,8,130,32,8,130,32,72,0,32,8,130,32,8,130,32,8,130,32,8,130,4,0,130,32,8,130,32,8,130,32,8,130,32,72,0,32,8,130,32,8,130,32,8,130,32,8,130,4,0,130,32,8,130,32,8,130,32,8,130,32,72,0,32,8,130,32,8,130,32,8,130,32,8,130,4,0,130,32,8,130,32,8,130,32,8,130,32,72,0,32,8,130,32,8,130,32,8,130,32,8,18,0,8,130,32,8,130,32,8,130,32,8,130,32,1,128,32,8,130,32,8,130,32,8,130,32,8,18,0,8,130,32,8,130,32,8,130,32,8,130,32,1,128,32,8,130,32,8,130,32,8,130,32,8,18,0,8,130,32,8,130,32,8,130,32,8,130,32,1,128,32,8,130,32,8,130,32,8,130,32,8,18,0,8,130,32,8,130,32,8,130,32,8,130,32,1,128,32,8,130,32,8,130,32,8,130,32,72,0,32,8,130,32,8,130,32,8,130,32,8,130,4,0,130,32,8,130,32,8,130,32,8,130,32,72,0,32,8,130,32,8,130,32,8,130,32,8,130,4,0,130,32,8,130,32,8,130,32,8,130,32,72,0,32,8,130,32,8,130,32,8,130,32,8,130,4,0,130,32,8,130,32,8,130,32,8,130,32,72,0,32,8,130,32,8,130,32,8,130,32,8,130,4,0,130,32,8,130,32,8,130,32,8,130,32,72,0,32,8,130,32,8,130,32,8,130,32,8,18,0,8,130,32,8,130,32,8,130,32,8,130,32,1,128,32,8,130,32,8,130,32,8,130,32,8,18,0,8,130,32,8,130,32,8,130,32,8,130,32,1,128,32,8,130,32,8,130,32,8,130,32,8,18,0,8,130,32,8,130,32,8,130,32,8,130,32,1,128,32,8,130,32,8,130,32,8,130,32,8,18,0,8,130,32,8,130,32,8,130,32,8,130,32,1,128,32,8,130,32,8,130,32,8,130,32,72,0,32,8,130,32,8,130,32,8,130,32,8,130,4,0,130,32,8,130,32,8,130,32,8,130,32,72,0,32,8,130,32,8,130,32,8,130,32,8,130,4,0,130,32,8,130,32,8,130,32,8,130,32,72,0,32,8,130,32,8,130,32,8,130,32,8,130,4,0,130,32,8,194,95,224,254,167,35,134,153,151,67,134,145,251,9,67,98,58,106,136,79,133,12,177,201,128,33,50,225,53,248,135,237,6,215,160,217,96,31,52,25,162,15,124,134,199,127,56,109,184,247,209,164,97,248,94,212,48,56,235,55,220,
-----
Data END
Crc START
Reading (4 bytes ) from offset=32892, target=32896 
35,19,177,197,
-----
Crc END
Length START
Reading (4 bytes ) from offset=32896, target=32900 
0,0,128,0,
-----
Length END
Type START
Reading (4 bytes ) from offset=32900, target=32904 
73,68,65,84,
-----
Type END= IDAT, 0x49444154
Data START
Reading (32768 bytes ) from offset=32904, target=65672 
226,70,251,92,220,233,94,136,140,222,15,201,114,62,
-----
Data END
Crc START
Reading (4 bytes ) from offset=65672, target=65676 
191,191,12,183,
-----
Crc END
Length START
Reading (4 bytes ) from offset=65676, target=65680 
0,0,128,0,
-----
Length END
Type START
Reading (4 bytes ) from offset=65680, target=65684 
73,68,65,84,
-----
Type END= IDAT, 0x49444154
Data START
Reading (32768 bytes ) from offset=65684, target=98452 
108,0,132,21,54,0,194,6,192,167,127,182,202,250,173,151,95,79,239,124,241,213,212,190,129,121,67,177,127,186,225,11,231,100,29,12,125,92,233,159,160,99,168,66,192,127,251,96,33,218,134,114,9,108,114,208,50,144,1,141,251,6,148,142,139,244,208,157,42,66,111,139,58,99,81,97,33,168,115,38,66,229,227,2,125,87,208,62,123,11,45,83,215,209,56,113,1,77,147,23,161,27,78,33,88,143,17,57,235,242,222,211,34,5,64,229,79,128,126,32,5,205,99,103,209,52,154,78,32,157,2,109,95,130,200,63,231,60,121,150,194,119,10,74,63,3,105,104,212,91,225,141,68,181,247,24,202,156,4,232,28,154,207,85,253,131,52,111,224,56,170,56,156,61,120,92,140,104,151,57,247,11,224,231,121,74,236,33,149,58,246,135,166,182,253,4,201,251,80,100,222,43,84,66,32,95,218,179,87,64,53,135,191,115,161,190,10,123,40,10,128,33,91,225,139,132,42,112,74,192,54,191,175,118,31,19,42,183,30,64,149,243,136,232,66,160,27,136,19,17,11,44,21,237,163,196,118,20,197,38,90,135,113,47,36,86,218,118,87,44,41,70,76,149,158,24,148,155,15,225,73,221,27,120,90,
-----
Data END
Crc START
Reading (4 bytes ) from offset=98452, target=98456 
83,109,243,10,
-----
Crc END
Length START
Reading (4 bytes ) from offset=98456, target=98460 
0,0,128,0,
-----
Length END
Type START
Reading (4 bytes ) from offset=98460, target=98464 
73,68,65,84,
-----
Type END= IDAT, 0x49444154
Data START
Reading (32768 bytes ) from offset=98464, target=131232 
115,155,158,193,146,207,24,228,47,36,88,127,22,111,217,188,130,215,45,127,134,23,182,61,139,229,107,23,99,249,186,133,88,177,110,17,150,175,95,132,101,235,22,96,41,193,51,211,75,59,95,196,219,150,111,225,77,203,87,241,243,3,47,224,231,86,207,227,231,214,207,209,146,206,113,232,121,188,182,
-----
Data END
Crc START
Reading (4 bytes ) from offset=131232, target=131236 
248,149,212,160,
-----
Crc END
Length START
Reading (4 bytes ) from offset=131236, target=131240 
0,0,128,0,
-----
Length END
Type START
Reading (4 bytes ) from offset=131240, target=131244 
73,68,65,84,
-----
Type END= IDAT, 0x49444154
Data START
Reading (32768 bytes ) from offset=131244, target=164012 
85,56,103,190,26,103,76,87,82,57,203,113,72,93,6,103,116,87,225,140,222,74,210,26,92,183,218,137,235,150,187,112,199,238,0,244,189,207,195,216,239,18,130,114,76,81,208,17,130,210,158,232,111,238,191,107,210,249,248,167,1,137,87,63,15,136,191,249,101,146,
-----
Data END
Crc START
Reading (4 bytes ) from offset=164012, target=164016 
242,56,230,249,
-----
Crc END
Length START
Reading (4 bytes ) from offset=164016, target=164020 
0,0,128,0,
-----
Length END
Type START
Reading (4 bytes ) from offset=164020, target=164024 
73,68,65,84,
-----
Type END= IDAT, 0x49444154
Data START
Reading (32768 bytes ) from offset=164024, target=196792 
40,122,173,165,50,172,198,117,47,113,168,7,110,129,154,159,28,116,130,246,192,56,230,12,76,195,79,195,54,234,18,156,226,174,195,43,67,11,45,243,41,152,254,188,6,115,159,53,
-----
Data END
Crc START
Reading (4 bytes ) from offset=196792, target=196796 
89,173,168,64,
-----
Crc END
Length START
Reading (4 bytes ) from offset=196796, target=196800 
0,0,128,0,
-----
Length END
Type START
Reading (4 bytes ) from offset=196800, target=196804 
73,68,65,84,
-----
Type END= IDAT, 0x49444154
Data START
Reading (32768 bytes ) from offset=196804, target=229572 
82,200,110,63,131,188,142,115,200,109,61,139,140,134,83,200,109,187,130,218,49,53,212,178,125,198,77,169,159,119,64,245,164,43,194,203,8,58,83,229,32,200,96,117,189,149,224,148,36,143,128,98,61,100,247,122,32,151,96,47,179,195,9,169,205,150,200,104,183,64,51,157,175,227,137,47,58,30,251,18,248,135,99,232,101,4,134,95,70,99,242,93,50,47,191,55,253,38,27,115,239,132,152,125,203,74,240,21,96,246,5,243,0,200,66,
-----
Data END
Crc START
Reading (4 bytes ) from offset=229572, target=229576 
188,37,146,107,
-----
Crc END
Length START
Reading (4 bytes ) from offset=229576, target=229580 
0,0,128,0,
-----
Length END
Type START
Reading (4 bytes ) from offset=229580, target=229584 
73,68,65,84,
-----
Type END= IDAT, 0x49444154
Data START
Reading (32768 bytes ) from offset=229584, target=262352 
78,227,122,232,49,92,245,23,129,84,168,24,25,241,167,160,206,224,63,129,140,123,54,21,86,218,121,100,143,219,162,249,69,32,213,1,78,72,234,214,65,108,139,42,82,186,180,144,209,203,114,177,176,225,88,234,4,150,90,40,30,209,71,239,83,119,12,188,242,64,231,67,123,52,204,152,162,97,218,20,133,61,74,72,111,188,138,140,150,43,72,111,62,143,180,150,147,72,105,19,163,250,233,48,18,218,14,80,253,188,23,81,245,123,17,221,112,0,190,133,59,225,150,181,29,62,185,66,8,200,61,8,191,116,17,132,101,157,65,90,153,44,146,10,101,17,151,33,141,184,68,41,196,38,16,140,58,239,135,169,249,22,184,186,29,64,124,2,213,55,105,18,200,43,84,70,123,151,13,58,8,176,26,218,77,81,209,164,143,90,170,95,7,103,60,48,121,215,31,13,93,38,136,78,189,132,200,164,115,72,206,186,142,212,172,171,200,202,189,130,98,170,231,43,202,165,80,215,32,139,225,57,3,140,221,49,68,75,191,44,50,75,142,33,165,232,32,242,235,143,161,184,237,4,138,218,197,81,210,117,18,37,61,167,81,218,123,6,117,227,215,80,51,122,13,77,243,178,232,127,161,71,109,151,14,74,71,165,145,218,124,1,25,173,55,80,49,172,141,250,9,11,84,141,88,162,164,215,4,69,93,166,232,166,122,120,246,77,10,166,94,37,224,238,199,44,220,
-----
Data END
Crc START
Reading (4 bytes ) from offset=262352, target=262356 
158,169,94,250,
-----
Crc END
Length START
Reading (4 bytes ) from offset=262356, target=262360 
0,0,128,0,
-----
Length END
Type START
Reading (4 bytes ) from offset=262360, target=262364 
73,68,65,84,
-----
Type END= IDAT, 0x49444154
Data START
Reading (32768 bytes ) from offset=262364, target=295132 
185,138,174,125,140,4,240,71,54,29,199,156,0,217,179,75,201,5,217,212,130,143,250,88,110,112,105,58,131,45,98,7,44,16,213,111,138,88,250,207,39,140,90,35,105,220,22,225,125,198,124,196,223,183,69,147,143,242,91,22,156,226,50,201,145,135,113,246,49,88,16,216,90,21,158,230,14,0,251,114,37,184,212,168,194,153,69,6,144,92,107,47,113,241,233,0,244,218,190,226,60,44,138,79,146,78,193,180,64,30,70,185,71,121,85,0,93,2,100,221,76,41,122,246,75,67,39,227,32,137,65,185,36,207,218,111,144,43,73,208,45,14,221,108,49,104,102,8,67,61,117,15,215,165,4,33,40,199,111,133,114,194,22,92,78,17,130,90,42,1,121,242,14,122,189,149,131,
-----
Data END
Crc START
Reading (4 bytes ) from offset=295132, target=295136 
136,92,11,21,
-----
Crc END
Length START
Reading (4 bytes ) from offset=295136, target=295140 
0,0,128,0,
-----
Length END
Type START
Reading (4 bytes ) from offset=295140, target=295144 
73,68,65,84,
-----
Type END= IDAT, 0x49444154
Data START
Reading (32768 bytes ) from offset=295144, target=327912 
106,239,71,144,34,9,252,195,81,117,55,20,21,203,65,60,105,96,249,146,31,178,38,172,8,64,46,210,61,16,176,151,201,195,42,227,40,159,193,192,32,110,47,12,98,247,65,39,116,23,46,121,108,194,25,167,117,208,141,216,7,151,2,89,8,11,228,232,57,94,66,82,143,54,210,250,111,163,124,193,26,13,15,92,80,54,111,133,84,54,205,95,239,85,132,213,43,19,232,31,132,107,238,65,4,85,74,34,178,65,129,202,83,240,200,
-----
Data END
Crc START
Reading (4 bytes ) from offset=327912, target=327916 
20,146,220,246,
-----
Crc END
Length START
Reading (4 bytes ) from offset=327916, target=327920 
0,0,128,0,
-----
Length END
Type START
Reading (4 bytes ) from offset=327920, target=327924 
73,68,65,84,
-----
Type END= IDAT, 0x49444154
Data START
Reading (32768 bytes ) from offset=327924, target=360692 
234,215,0,64,56,247,37,137,98,124,35,174,124,157,59,52,19,158,18,204,75,94,68,162,156,126,90,9,253,181,202,183,177,168,122,31,143,162,103,33,200,121,232,247,91,6,64,242,184,43,146,134,8,236,61,150,50,93,63,178,195,20,33,141,70,8,111,54,71,4,253,193,136,86,11,68,203,244,127,250,96,131,174,72,27,247,230,107,9,
-----
Data END
Crc START
Reading (4 bytes ) from offset=360692, target=360696 
60,106,161,53,
-----
Crc END
Length START
Reading (4 bytes ) from offset=360696, target=360700 
0,0,128,0,
-----
Length END
Type START
Reading (4 bytes ) from offset=360700, target=360704 
73,68,65,84,
-----
Type END= IDAT, 0x49444154
Data START
Reading (32768 bytes ) from offset=360704, target=393472 
180,39,87,245,188,31,26,30,4,19,156,211,57,232,216,92,2,40,54,187,159,217,103,130,180,110,35,146,193,207,203,223,18,219,105,156,236,210,164,177,74,7,89,131,90,36,109,100,15,177,109,29,228,140,232,161,100,202,138,174,139,141,3,78,116,77,246,60,34,128,57,1,42,102,232,189,199,157,121,116,64,235,179,48,180,60,145,240,165,0,44,209,95,197,180,31,202,167,216,178,4,191,159,103,252,217,117,124,140,4,96,175,87,206,248,125,88,50,16,40,3,250,126,95,20,14,6,112,224,175,152,18,209,126,193,244,26,171,76,16,194,203,17,178,106,2,44,103,78,222,128,55,47,49,200,18,36,242,170,9,124,185,132,7,10,198,60,233,123,243,65,237,3,17,26,31,75,9,234,37,168,127,16,70,192,46,69,211,147,112,238,4,104,123,25,137,174,183,100,151,188,75,64,251,203,56,180,60,99,89,251,35,121,34,191,106,86,161,96,78,204,67,251,27,31,198,240,236,254,178,242,126,50,7,64,203,211,36,180,61,79,65,211,227,56,82,52,119,2,164,119,187,243,228,191,9,173,182,136,107,182,166,113,217,28,9,4,127,249,99,222,244,189,49,199,141,39,138,232,119,41,32,248,204,30,118,224,202,29,117,66,222,184,11,10,166,221,81,254,192,15,213,143,69,168,98,149,14,158,69,160,141,93,227,219,68,52,191,38,189,76,33,240,79,70,29,93,67,237,147,120,228,140,5,33,174,195,153,87,15,176,73,84,160,
-----
Data END
Crc START
Reading (4 bytes ) from offset=393472, target=393476 
91,191,186,198,
-----
Crc END
Length START
Reading (4 bytes ) from offset=393476, target=393480 
0,0,128,0,
-----
Length END
Type START
Reading (4 bytes ) from offset=393480, target=393484 
73,68,65,84,
-----
Type END= IDAT, 0x49444154
Data START
Reading (32768 bytes ) from offset=393484, target=426252 
183,211,107,59,112,154,116,214,229,83,254,152,237,119,214,117,39,206,185,238,34,195,104,7,78,58,209,113,36,69,2,122,221,164,155,80,148,158,197,89,175,61,60,212,
-----
Data END
Crc START
Reading (4 bytes ) from offset=426252, target=426256 
198,32,114,37,
-----
Crc END
Length START
Reading (4 bytes ) from offset=426256, target=426260 
0,0,128,0,
-----
Length END
Type START
Reading (4 bytes ) from offset=426260, target=426264 
73,68,65,84,
-----
Type END= IDAT, 0x49444154
Data START
Reading (32768 bytes ) from offset=426264, target=459032 
204,154,160,250,150,53,138,103,140,17,86,47,137,160,42,9,196,211,59,154,222,175,139,140,62,3,20,142,88,145,237,96,143,202,57,31,12,189,204,36,248,47,225,51,57,220,250,190,3,203,223,246,96,252,85,35,58,110,151,162,117,169,136,238,79,19,166,223,247,208,189,169,167,239,165,34,119,56,1,161,213,174,80,241,22,161,122,76,18,90,193,87,160,232,125,28,170,129,199,161,29,126,18,186,209,39,97,146,116,22,214,89,151,96,159,123,21,118,84,23,89,229,92,129,109,222,53,184,87,200,192,191,81,5,65,205,4,244,84,143,196,15,26,35,182,223,16,81,61,58,4,188,90,4,253,154,8,109,87,71,8,217,75,97,29,108,31,77,68,81,157,18,73,247,39,130,108,191,136,54,13,2,127,53,132,146,45,24,70,240,26,222,34,112,72,70,181,107,35,186,93,7,81,109,90,116,127,52,169,94,211,162,251,72,117,22,139,4,104,85,71,82,143,30,146,233,186,115,198,44,80,190,232,132,234,59,238,168,191,239,133,230,21,127,180,16,252,55,62,244,69,195,3,31,52,62,242,69,237,125,79,212,61,244,66,205,125,15,148,45,57,162,120,209,1,37,203,46,40,89,114,69,209,188,19,242,166,237,145,61,101,135,20,130,254,216,30,3,68,147,61,202,102,2,200,164,109,89,51,14,40,190,77,118,237,227,32,30,1,80,184,228,206,29,0,89,220,1,96,134,184,193,79,162,229,216,126,19,130,111,19,196,14,82,61,60,104,77,192,110,73,178,64,20,217,169,225,221,102,8,235,98,99,253,245,9,216,213,225,84,161,2,187,98,101,129,3,32,159,73,153,164,4,167,50,77,120,55,24,195,187,222,8,129,109,150,244,29,59,132,118,89,147,172,16,222,99,141,160,118,19,120,53,232,192,179,94,27,30,117,154,112,174,82,134,11,201,175,85,7,193,157,134,8,108,215,163,243,97,17,8,244,219,61,84,
-----
Data END
Crc START
Reading (4 bytes ) from offset=459032, target=459036 
198,158,142,240,
-----
Crc END
Length START
Reading (4 bytes ) from offset=459036, target=459040 
0,0,128,0,
-----
Length END
Type START
Reading (4 bytes ) from offset=459040, target=459044 
73,68,65,84,
-----
Type END= IDAT, 0x49444154
Data START
Reading (32768 bytes ) from offset=459044, target=491812 
118,170,50,52,147,20,160,155,166,14,219,42,83,120,182,59,192,185,193,26,22,37,38,4,184,183,161,159,165,143,155,73,90,208,136,213,128,65,150,1,172,203,172,97,93,98,3,247,26,79,120,53,248,192,163,206,19,129,109,193,4,58,17,8,234,136,64,64,87,40,124,59,131,16,53,146,240,83,4,0,51,1,18,38,82,145,52,145,38,0,
-----
Data END
Crc START
Reading (4 bytes ) from offset=491812, target=491816 
80,73,9,101,
-----
Crc END
Length START
Reading (4 bytes ) from offset=491816, target=491820 
0,0,128,0,
-----
Length END
Type START
Reading (4 bytes ) from offset=491820, target=491824 
73,68,65,84,
-----
Type END= IDAT, 0x49444154
Data START
Reading (32768 bytes ) from offset=491824, target=524592 
216,198,27,16,52,200,66,208,116,1,130,22,230,1,176,31,78,89,212,254,200,217,0,251,12,250,31,167,175,132,163,112,61,204,19,150,65,63,98,33,28,50,118,32,168,130,254,187,21,210,40,154,176,64,239,59,130,59,122,143,35,42,53,224,145,117,21,65,37,234,4,215,134,136,168,48,166,119,53,20,211,223,150,97,228,93,17,166,190,174,196,221,31,234,113,243,91,150,250,177,144,199,169,96,239,207,36,189,103,83,239,234,168,77,41,228,189,254,197,125,49,40,232,142,66,94,71,4,202,6,24,56,211,125,37,248,111,152,206,68,253,36,149,83,217,34,17,96,52,145,238,113,236,140,208,18,129,130,30,22,51,192,11,233,45,110,72,105,116,70,124,141,29,207,24,16,89,102,70,102,74,231,103,130,208,10,35,126,94,130,10,83,8,42,141,17,83,107,140,184,122,186,15,245,44,205,159,5,82,218,236,144,210,110,79,16,235,128,180,78,71,250,31,218,35,173,219,142,254,147,246,200,238,113,65,241,136,31,181,69,3,81,50,22,68,240,31,194,225,159,89,233,112,40,202,134,168,28,12,251,44,2,48,1,160,106,136,9,0,49,104,190,153,140,134,201,4,2,254,24,84,14,68,113,1,64,100,97,180,78,4,253,71,8,250,31,36,163,233,118,60,181,171,227,209,118,47,145,195,127,197,40,237,119,56,152,167,11,204,235,242,226,193,2,11,251,125,80,52,224,141,252,1,79,8,251,157,233,59,225,132,226,73,111,212,222,15,65,205,131,32,2,
-----
Data END
Crc START
Reading (4 bytes ) from offset=524592, target=524596 
160,182,225,155,
-----
Crc END
Length START
Reading (4 bytes ) from offset=524596, target=524600 
0,0,128,0,
-----
Length END
Type START
Reading (4 bytes ) from offset=524600, target=524604 
73,68,65,84,
-----
Type END= IDAT, 0x49444154
Data START
Reading (32768 bytes ) from offset=524604, target=557372 
51,83,149,123,156,84,63,143,65,201,189,112,228,223,10,38,209,181,238,166,107,213,77,215,167,219,151,103,137,247,41,208,134,83,154,2,12,194,78,65,51,240,8,212,124,247,64,222,113,21,228,28,150,192,40,122,7,79,186,233,89,124,2,33,117,82,136,106,145,67,100,243,69,254,237,18,222,120,17,14,89,71,113,205,107,57,20,189,87,195,48,106,15,236,210,79,192,61,79,18,177,173,218,200,237,177,66,92,35,193,105,166,60,220,211,175,210,113,202,67,215,251,52,44,66,47,209,241,57,163,236,78,44,207,193,16,144,109,3,159,100,51,68,21,58,163,128,206,127,105,119,12,55,22,197,151,250,32,185,42,24,217,13,116,31,84,69,119,84,180,166,31,190,
-----
Data END
Crc START
Reading (4 bytes ) from offset=557372, target=557376 
23,88,72,124,
-----
Crc END
Length START
Reading (4 bytes ) from offset=557376, target=557380 
0,0,128,0,
-----
Length END
Type START
Reading (4 bytes ) from offset=557380, target=557384 
73,68,65,84,
-----
Type END= IDAT, 0x49444154
Data START
Reading (32768 bytes ) from offset=557384, target=590152 
203,56,143,248,76,45,228,72,173,233,65,235,130,146,186,64,244,222,205,195,205,135,18,146,20,143,158,55,225,241,83,130,248,151,183,240,244,217,77,2,254,251,248,253,195,43,252,246,254,5,62,144,222,190,123,134,247,239,159,226,29,79,8,200,114,4,60,32,216,239,199,163,23,29,120,250,186,157,206,69,39,169,3,79,94,208,185,122,80,133,199,143,170,241,226,121,3,94,191,108,198,155,231,205,188,124,241,170,17,207,158,215,227,205,171,22,188,127,199,126,171,22,15,159,208,111,211,53,244,248,93,25,222,252,163,6,55,95,101,35,183,142,30,190,85,182,112,21,156,195,30,203,57,80,183,94,128,53,23,127,196,148,61,67,48,229,192,16,204,57,49,18,243,206,143,197,220,243,227,48,247,220,56,204,35,184,155,121,242,115,76,56,64,208,116,96,24,102,159,248,28,115,79,125,133,25,4,62,83,143,140,195,164,131,163,49,229,48,1,214,201,47,49,155,230,207,215,252,14,75,46,253,136,101,151,127,192,26,157,95,176,158,224,126,253,245,73,4,235,211,8,212,167,65,209,118,1,14,120,111,192,126,146,138,211,50,40,216,45,193,118,75,218,7,150,168,79,123,50,214,232,206,226,64,191,197,116,17,193,254,108,44,215,158,65,154,73,154,130,21,87,38,208,242,105,216,100,68,176,100,58,143,190,183,8,123,220,54,66,195,99,27,214,17,240,204,57,55,30,139,46,77,193,74,221,185,92,155,205,86,96,191,151,50,14,250,168,227,100,200,97,92,207,186,134,43,169,23,160,96,191,131,67,
-----
Data END
Crc START
Reading (4 bytes ) from offset=590152, target=590156 
111,25,242,54,
-----
Crc END
Length START
Reading (4 bytes ) from offset=590156, target=590160 
0,0,128,0,
-----
Length END
Type START
Reading (4 bytes ) from offset=590160, target=590164 
73,68,65,84,
-----
Type END= IDAT, 0x49444154
Data START
Reading (32768 bytes ) from offset=590164, target=622932 
71,90,153,34,247,0,200,175,99,85,1,12,80,213,113,7,53,93,150,116,15,156,48,242,220,31,131,79,3,208,52,226,134,58,94,101,192,133,182,167,227,86,144,194,85,251,128,174,167,55,79,166,216,55,158,137,233,151,229,120,244,156,121,0,8,229,225,76,57,38,30,151,96,252,105,49,134,159,20,98,244,105,1,6,167,51,81,211,17,66,219,186,162,148,94,176,117,61,126,168,239,11,64,231,104,56,134,30,198,97,236,113,28,218,186,189,81,223,248,0,117,245,14,40,44,49,71,78,158,33,114,11,133,6,128,172,2,250,92,74,215,189,238,206,7,3,128,49,41,76,102,8,45,87,134,186,203,6,156,53,251,30,23,239,175,192,41,219,229,56,97,181,12,71,204,9,94,44,150,16,64,175,196,62,227,239,176,67,231,107,236,209,95,136,3,102,43,
-----
Data END
Crc START
Reading (4 bytes ) from offset=622932, target=622936 
168,162,124,106,
-----
Crc END
Length START
Reading (4 bytes ) from offset=622936, target=622940 
0,0,128,0,
-----
Length END
Type START
Reading (4 bytes ) from offset=622940, target=622944 
73,68,65,84,
-----
Type END= IDAT, 0x49444154
Data START
Reading (32768 bytes ) from offset=622944, target=655712 
77,174,80,23,153,165,90,72,16,40,34,46,71,14,2,161,49,42,91,156,81,213,238,138,214,145,32,244,60,139,34,80,142,64,21,29,191,168,219,139,151,217,43,109,118,68,73,179,3,193,164,21,242,234,76,8,146,13,145,203,146,215,213,170,33,183,65,133,192,85,9,57,77,10,72,39,232,79,172,188,79,224,122,159,94,34,138,16,52,43,67,208,162,138,226,78,61,122,209,155,208,192,100,134,226,118,115,148,116,88,160,118,200,29,237,207,67,208,241,34,148,183,76,186,94,70,98,228,135,84,140,
-----
Data END
Crc START
Reading (4 bytes ) from offset=655712, target=655716 
75,196,205,127,
-----
Crc END
Length START
Reading (4 bytes ) from offset=655716, target=655720 
0,0,128,0,
-----
Length END
Type START
Reading (4 bytes ) from offset=655720, target=655724 
73,68,65,84,
-----
Type END= IDAT, 0x49444154
Data START
Reading (32768 bytes ) from offset=655724, target=688492 
6,30,101,163,103,34,129,231,243,51,17,190,129,39,66,2,252,120,2,
-----
Data END
Crc START
Reading (4 bytes ) from offset=688492, target=688496 
1,72,249,246,
-----
Crc END
Length START
Reading (4 bytes ) from offset=688496, target=688500 
0,0,128,0,
-----
Length END
Type START
Reading (4 bytes ) from offset=688500, target=688504 
73,68,65,84,
-----
Type END= IDAT, 0x49444154
Data START
Reading (32768 bytes ) from offset=688504, target=721272 
49,235,13,195,161,232,190,47,196,216,171,44,146,28,140,189,206,38,16,207,165,115,21,67,74,96,46,157,8,67,101,191,39,93,159,43,15,3,96,6,128,66,150,120,175,155,93,183,37,74,122,204,80,55,234,134,158,199,2,94,10,176,231,17,203,232,47,226,223,27,198,130,121,140,63,139,249,111,154,10,65,235,221,48,14,253,101,61,174,220,0,208,56,30,64,18,200,189,2,198,222,166,98,242,199,116,140,191,201,160,115,200,36,64,207,230,101,244,170,7,124,233,30,121,161,168,213,241,157,1,192,12,121,50,83,228,52,26,16,204,59,162,231,65,8,122,30,134,208,253,116,37,232,183,227,201,0,89,21,128,186,33,71,218,206,129,223,203,130,102,11,148,119,179,106,0,254,244,123,40,6,159,228,97,146,185,253,191,42,193,157,55,165,152,162,118,26,126,150,78,237,36,68,223,76,44,90,135,253,208,72,138,52,147,250,110,186,
-----
Data END
Crc START
Reading (4 bytes ) from offset=721272, target=721276 
141,238,237,199,
-----
Crc END
Length START
Reading (4 bytes ) from offset=721276, target=721280 
0,0,128,0,
-----
Length END
Type START
Reading (4 bytes ) from offset=721280, target=721284 
73,68,65,84,
-----
Type END= IDAT, 0x49444154
Data START
Reading (32768 bytes ) from offset=721284, target=754052 
244,203,186,157,9,62,35,49,245,83,58,65,98,6,26,104,223,146,54,71,250,221,147,192,43,148,39,140,99,6,128,71,127,45,193,163,127,41,197,253,191,150,98,250,143,114,25,
-----
Data END
Crc START
Reading (4 bytes ) from offset=754052, target=754056 
194,135,120,82,
-----
Crc END
Length START
Reading (4 bytes ) from offset=754056, target=754060 
0,0,128,0,
-----
Length END
Type START
Reading (4 bytes ) from offset=754060, target=754064 
73,68,65,84,
-----
Type END= IDAT, 0x49444154
Data START
Reading (32768 bytes ) from offset=754064, target=786832 
17,112,55,123,32,177,129,160,180,197,23,5,125,66,20,245,83,251,237,137,66,1,79,247,151,64,125,38,13,117,19,89,168,25,79,71,197,72,18,42,71,19,80,62,26,131,226,33,2,214,193,0,100,209,113,210,90,236,232,120,118,4,177,142,212,246,29,8,98,31,35,165,195,16,9,45,76,9,160,65,215,174,70,247,160,6,135,132,219,48,23,93,161,62,113,139,202,187,176,12,191,15,167,120,121,120,103,234,80,31,50,230,253,37,190,193,129,7,
-----
Data END
Crc START
Reading (4 bytes ) from offset=786832, target=786836 
13,23,229,104,
-----
Crc END
Length START
Reading (4 bytes ) from offset=786836, target=786840 
0,0,128,0,
-----
Length END
Type START
Reading (4 bytes ) from offset=786840, target=786844 
73,68,65,84,
-----
Type END= IDAT, 0x49444154
Data START
Reading (32768 bytes ) from offset=786844, target=819612 
59,8,78,151,67,72,246,109,132,23,72,35,166,84,18,97,133,215,224,147,113,4,94,153,251,8,254,247,194,51,109,7,60,51,182,193,46,113,45,76,72,209,54,137,90,10,109,2,126,45,193,28,58,142,121,208,160,86,77,48,27,74,190,211,112,219,125,10,100,220,166,19,252,77,35,24,156,2,81,231,41,16,118,16,194,117,27,33,220,178,159,10,89,207,121,144,245,154,7,113,251,105,184,101,62,5,34,86,51,32,97,63,31,82,182,139,32,110,190,16,194,70,139,33,108,176,10,167,148,22,98,251,181,169,216,122,97,114,182,127,197,1,22,247,79,224,127,124,6,47,1,184,250,48,129,248,177,201,217,127,86,214,143,133,1,108,62,57,3,155,142,79,199,186,35,
-----
Data END
Crc START
Reading (4 bytes ) from offset=819612, target=819616 
166,64,246,153,
-----
Crc END
Length START
Reading (4 bytes ) from offset=819616, target=819620 
0,0,128,0,
-----
Length END
Type START
Reading (4 bytes ) from offset=819620, target=819624 
73,68,65,84,
-----
Type END= IDAT, 0x49444154
Data START
Reading (32768 bytes ) from offset=819624, target=852392 
145,210,24,128,132,6,31,36,183,6,161,100,88,196,19,13,54,189,75,69,231,183,185,232,254,177,0,13,31,146,232,252,72,175,31,14,67,254,80,32,114,135,2,144,61,232,133,228,30,75,164,246,89,66,218,74,231,84,78,240,92,172,6,159,236,91,4,213,183,73,212,96,18,117,30,170,46,187,160,234,188,23,119,92,15,225,134,253,30,104,250,158,134,85,172,10,108,227,238,192,63,211,136,199,223,199,213,218,34,170,194,132,96,250,33,239,215,142,137,74,92,236,164,103,96,45,62,201,189,124,220,210,47,208,179,190,66,112,126,29,17,21,119,17,211,160,129,136,202,187,8,163,103,30,82,114,29,238,153,167,96,75,144,109,41,222,77,0,189,1,234,1,203,241,32,104,57,116,194,214,64,55,98,45,180,89,191,14,36,136,14,218,8,35,193,62,238,29,96,69,240,236,77,231,235,151,115,151,218,208,29,130,
-----
Data END
Crc START
Reading (4 bytes ) from offset=852392, target=852396 
128,7,23,33,
-----
Crc END
Length START
Reading (4 bytes ) from offset=852396, target=852400 
0,0,128,0,
-----
Length END
Type START
Reading (4 bytes ) from offset=852400, target=852404 
73,68,65,84,
-----
Type END= IDAT, 0x49444154
Data START
Reading (32768 bytes ) from offset=852404, target=885172 
43,1,38,190,4,210,113,8,189,231,77,215,66,125,119,223,134,128,156,89,49,184,146,184,113,5,192,244,239,188,169,244,225,10,0,22,0,144,193,58,11,252,199,2,13,118,63,246,71,239,211,16,234,199,248,63,3,254,61,
-----
Data END
Crc START
Reading (4 bytes ) from offset=885172, target=885176 
86,5,46,33,
-----
Crc END
Length START
Reading (4 bytes ) from offset=885176, target=885180 
0,0,128,0,
-----
Length END
Type START
Reading (4 bytes ) from offset=885180, target=885184 
73,68,65,84,
-----
Type END= IDAT, 0x49444154
Data START
Reading (32768 bytes ) from offset=885184, target=917952 
180,189,5,199,9,248,143,203,110,196,113,185,77,56,175,178,27,39,21,118,96,247,153,149,216,121,108,37,182,72,172,192,146,173,179,48,103,61,83,0,204,192,194,173,36,219,102,96,193,54,166,8,152,129,197,59,103,98,193,238,105,152,191,75,8,11,246,8,99,145,168,48,86,72,8,99,195,153,233,216,113,101,6,246,18,240,139,202,205,198,222,107,51,177,239,218,44,236,186,49,3,59,100,166,97,235,101,33,108,147,17,198,30,249,233,216,173,192,210,248,205,132,184,38,83,0,16,248,171,205,134,152,242,108,136,42,206,198,126,165,121,36,243,113,64,101,62,193,
-----
Data END
Crc START
Reading (4 bytes ) from offset=917952, target=917956 
52,145,69,6,
-----
Crc END
Length START
Reading (4 bytes ) from offset=917956, target=917960 
0,0,128,0,
-----
Length END
Type START
Reading (4 bytes ) from offset=917960, target=917964 
73,68,65,84,
-----
Type END= IDAT, 0x49444154
Data START
Reading (32768 bytes ) from offset=917964, target=950732 
11,30,69,74,176,76,186,3,227,216,235,48,143,191,69,186,195,101,151,246,0,46,185,170,112,207,215,70,82,135,39,245,81,95,100,12,4,34,119,40,146,20,141,148,46,127,36,118,208,189,166,205,153,214,39,135,7,110,135,160,228,123,0,82,174,27,32,229,182,138,180,140,238,37,243,113,211,113,14,221,175,167,227,156,217,20,218,110,49,72,121,44,133,156,207,102,200,251,238,130,90,240,33,2,231,3,80,14,160,54,224,56,212,2,78,82,191,56,3,245,176,83,80,12,96,97,73,251,33,239,183,7,178,62,59,8,204,55,211,189,100,35,238,186,173,198,53,187,133,184,225,184,4,138,4,233,154,12,206,99,118,195,34,227,40,156,75,207,67,63,113,55,110,187,206,199,61,143,197,184,239,189,148,67,190,172,
-----
Data END
Crc START
Reading (4 bytes ) from offset=950732, target=950736 
138,106,80,53,
-----
Crc END
Length START
Reading (4 bytes ) from offset=950736, target=950740 
0,0,128,0,
-----
Length END
Type START
Reading (4 bytes ) from offset=950740, target=950744 
73,68,65,84,
-----
Type END= IDAT, 0x49444154
Data START
Reading (32768 bytes ) from offset=950744, target=983512 
246,191,41,0,26,9,171,79,127,142,194,203,223,47,17,252,99,248,58,70,41,0,26,191,68,41,75,0,41,69,1,80,175,226,4,132,225,14,1,85,128,95,192,95,227,
-----
Data END
Crc START
Reading (4 bytes ) from offset=983512, target=983516 
180,65,226,27,
-----
Crc END
Length START
Reading (4 bytes ) from offset=983516, target=983520 
0,0,128,0,
-----
Length END
Type START
Reading (4 bytes ) from offset=983520, target=983524 
73,68,65,84,
-----
Type END= IDAT, 0x49444154
Data START
Reading (32768 bytes ) from offset=983524, target=1016292 
53,18,251,232,65,86,215,131,96,130,0,131,29,0,75,45,181,100,22,113,173,125,27,172,97,179,107,71,237,212,7,91,157,251,227,104,200,116,220,121,229,131,18,250,207,202,122,30,132,235,245,190,184,90,227,135,139,117,129,184,244,40,28,201,149,62,240,187,118,4,182,82,170,112,5,14,71,206,160,125,142,23,7,128,17,1,222,142,144,78,82,131,158,75,226,241,44,181,97,136,66,181,94,49,107,205,179,244,74,242,122,103,184,2,108,183,240,108,180,55,11,216,113,232,127,115,58,78,109,108,116,35,216,115,83,23,7,0,207,186,127,135,115,22,185,99,7,0,131,57,3,250,247,220,251,205,28,85,16,208,20,126,31,165,77,96,210,26,39,206,176,3,160,31,108,210,71,192,61,115,50,92,111,142,135,249,121,130,203,164,158,56,116,178,171,8,222,177,136,223,127,194,191,66,56,143,243,251,121,134,156,63,51,12,110,249,195,1,96,64,48,206,179,225,28,14,191,153,245,10,232,119,91,3,85,228,28,229,60,67,213,197,1,176,55,142,128,61,90,91,28,2,134,33,236,148,104,137,61,209,237,9,106,219,73,36,2,59,0,14,159,228,176,247,94,216,27,213,87,106,198,239,8,238,73,237,215,13,122,158,29,176,197,171,29,12,3,218,74,169,66,118,0,112,153,194,189,209,109,196,56,154,98,91,32,157,183,47,43,253,43,192,126,149,163,114,83,154,130,194,1,192,14,1,94,46,178,80,34,24,83,194,82,107,254,14,59,12,212,100,134,95,81,22,80,91,156,31,10,248,87,151,89,118,118,106,112,153,69,125,63,78,29,104,73,75,182,22,226,16,96,45,1,54,118,2,232,249,51,244,43,19,4,178,202,58,235,32,112,123,104,83,155,181,164,37,207,218,115,42,64,39,1,126,195,64,214,3,232,77,231,208,147,174,93,15,122,221,153,206,171,35,189,238,132,29,97,93,196,118,146,29,136,235,37,14,26,118,0,28,73,236,166,72,249,136,213,17,7,138,65,176,194,249,32,14,15,23,37,137,76,216,66,199,182,205,191,45,14,198,245,133,233,217,81,48,79,30,15,219,212,25,112,186,196,165,4,151,192,55,107,29,66,242,54,195,149,103,167,47,204,128,69,202,12,2,205,209,212,174,3,69,20,144,29,0,70,1,67,160,231,209,87,102,251,217,1,112,36,118,26,188,111,110,22,192,223,27,54,94,82,112,216,1,192,240,207,2,128,199,226,103,192,246,252,18,88,167,44,130,249,153,217,4,172,211,96,126,118,170,132,177,115,212,1,71,32,112,52,194,254,24,130,87,223,118,2,
-----
Data END
Crc START
Reading (4 bytes ) from offset=1016292, target=1016296 
124,222,218,217,
-----
Crc END
Length START
Reading (4 bytes ) from offset=1016296, target=1016300 
0,0,128,0,
-----
Length END
Type START
Reading (4 bytes ) from offset=1016300, target=1016304 
73,68,65,84,
-----
Type END= IDAT, 0x49444154
Data START
Reading (32768 bytes ) from offset=1016304, target=1049072 
30,184,136,241,49,178,41,94,187,138,115,224,127,53,142,26,96,167,64,209,243,64,20,191,8,64,217,107,62,174,72,84,52,114,37,129,96,58,222,32,58,238,96,129,125,134,
-----
Data END
Crc START
Reading (4 bytes ) from offset=1049072, target=1049076 
237,230,253,244,
-----
Crc END
Length START
Reading (4 bytes ) from offset=1049076, target=1049080 
0,0,128,0,
-----
Length END
Type START
Reading (4 bytes ) from offset=1049080, target=1049084 
73,68,65,84,
-----
Type END= IDAT, 0x49444154
Data START
Reading (32768 bytes ) from offset=1049084, target=1081852 
17,1,148,20,0,201,227,95,23,82,23,235,195,235,97,83,84,67,108,140,104,200,247,13,148,3,96,149,204,180,43,165,124,3,165,154,111,233,45,101,249,76,126,154,64,243,34,153,217,118,53,196,34,23,194,163,189,174,170,207,190,208,69,95,165,0,152,17,174,151,72,253,117,49,55,35,101,203,220,234,254,23,91,226,86,43,168,232,46,17,14,181,74,249,199,12,107,69,21,165,36,160,192,126,29,181,189,37,94,70,26,177,62,217,174,164,70,8,92,123,234,169,240,253,31,246,227,253,138,0,67,172,12,50,80,2,128,34,242,167,114,252,107,163,52,22,29,211,56,2,164,149,207,53,85,1,228,56,77,104,166,220,158,212,112,151,84,0,94,35,159,198,60,111,173,176,78,132,28,105,107,131,90,40,91,173,174,167,56,95,8,238,30,70,26,49,72,85,254,80,87,105,67,136,46,196,143,125,177,244,214,172,219,194,203,128,223,17,164,157,116,21,40,207,144,122,243,135,181,48,195,90,34,61,68,172,207,0,243,28,77,53,165,
-----
Data END
Crc START
Reading (4 bytes ) from offset=1081852, target=1081856 
136,159,42,240,
-----
Crc END
Length START
Reading (4 bytes ) from offset=1081856, target=1081860 
0,0,128,0,
-----
Length END
Type START
Reading (4 bytes ) from offset=1081860, target=1081864 
73,68,65,84,
-----
Type END= IDAT, 0x49444154
Data START
Reading (32768 bytes ) from offset=1081864, target=1114632 
210,227,109,184,28,187,9,62,15,231,193,54,232,7,88,19,192,236,245,160,78,31,193,193,6,155,150,82,13,96,190,161,6,1,32,117,128,88,4,144,59,109,92,106,105,47,171,45,55,195,79,91,85,8,130,155,97,244,106,85,140,90,165,56,0,134,46,100,7,128,42,250,207,214,66,175,41,234,232,57,190,153,140,178,183,30,170,138,230,3,9,240,251,54,131,78,55,21,104,117,105,6,173,238,205,68,189,95,175,43,181,93,217,9,160,129,22,61,8,216,9,238,59,244,111,129,185,107,166,193,253,162,3,206,5,121,96,246,170,105,4,253,109,208,117,72,123,113,14,116,27,218,142,62,183,146,50,128,45,123,107,253,143,8,128,86,3,84,209,154,182,37,58,0,35,52,209,113,148,38,186,125,175,139,94,63,235,163,235,143,58,4,254,154,18,145,208,249,59,13,250,172,129,222,191,234,160,
-----
Data END
Crc START
Reading (4 bytes ) from offset=1114632, target=1114636 
230,13,4,123,
-----
Crc END
Length START
Reading (4 bytes ) from offset=1114636, target=1114640 
0,0,128,0,
-----
Length END
Type START
Reading (4 bytes ) from offset=1114640, target=1114644 
73,68,65,84,
-----
Type END= IDAT, 0x49444154
Data START
Reading (32768 bytes ) from offset=1114644, target=1147412 
57,38,100,70,184,79,3,177,251,185,188,206,132,62,99,66,159,53,65,116,145,41,129,24,157,147,66,11,58,175,142,72,162,223,73,47,243,64,78,213,81,177,220,135,199,80,64,208,91,84,167,68,2,148,53,158,110,119,10,4,138,113,36,0,151,8,100,7,64,29,183,79,120,246,63,16,213,109,231,232,189,83,120,72,86,251,248,172,98,109,23,80,79,240,95,211,114,73,170,2,20,86,157,64,126,5,65,108,153,63,50,139,253,80,92,125,22,109,47,238,225,241,139,80,2,154,187,168,111,189,139,71,4,44,205,207,34,208,250,52,6,45,143,99,209,212,26,131,134,166,40,180,182,165,226,205,235,114,178,42,2,
-----
Data END
Crc START
Reading (4 bytes ) from offset=1147412, target=1147416 
180,238,218,204,
-----
Crc END
Length START
Reading (4 bytes ) from offset=1147416, target=1147420 
0,0,128,0,
-----
Length END
Type START
Reading (4 bytes ) from offset=1147420, target=1147424 
73,68,65,84,
-----
Type END= IDAT, 0x49444154
Data START
Reading (32768 bytes ) from offset=1147424, target=1180192 
166,194,127,146,251,
-----
Data END
Crc START
Reading (4 bytes ) from offset=1180192, target=1180196 
138,70,223,12,
-----
Crc END
Length START
Reading (4 bytes ) from offset=1180196, target=1180200 
0,0,128,0,
-----
Length END
Type START
Reading (4 bytes ) from offset=1180200, target=1180204 
73,68,65,84,
-----
Type END= IDAT, 0x49444154
Data START
Reading (32768 bytes ) from offset=1180204, target=1212972 
0,30,191,200,177,44,187,25,215,38,171,240,80,104,214,249,93,132,140,29,56,87,182,11,5,151,9,
-----
Data END
Crc START
Reading (4 bytes ) from offset=1212972, target=1212976 
139,67,125,171,
-----
Crc END
Length START
Reading (4 bytes ) from offset=1212976, target=1212980 
0,0,128,0,
-----
Length END
Type START
Reading (4 bytes ) from offset=1212980, target=1212984 
73,68,65,84,
-----
Type END= IDAT, 0x49444154
Data START
Reading (32768 bytes ) from offset=1212984, target=1245752 
16,91,78,191,105,201,38,130,107,46,7,96,33,192,148,192,127,53,46,100,173,164,63,145,229,146,17,112,62,115,5,206,165,47,163,199,86,136,72,112,37,223,68,60,1,216,15,128,141,1,99,138,205,104,123,214,210,121,109,70,215,18,115,36,86,110,68,66,21,139,5,116,125,43,55,65,124,229,26,36,213,174,67,124,149,169,148,3,156,207,93,76,112,191,156,224,159,5,129,229,82,231,207,240,127,33,119,25,129,191,41,193,62,119,34,48,163,215,240,250,240,122,109,64,76,9,119,52,160,237,47,217,37,30,8,28,145,249,59,112,41,123,11,174,228,110,197,213,156,173,184,146,181,89,4,128,132,146,157,72,42,219,133,212,74,107,105,243,151,77,199,124,86,205,94,228,215,219,33,165,124,39,142,199,45,160,152,139,136,212,197,2,
-----
Data END
Crc START
Reading (4 bytes ) from offset=1245752, target=1245756 
15,64,209,69,
-----
Crc END
Length START
Reading (4 bytes ) from offset=1245756, target=1245760 
0,0,128,0,
-----
Length END
Type START
Reading (4 bytes ) from offset=1245760, target=1245764 
73,68,65,84,
-----
Type END= IDAT, 0x49444154
Data START
Reading (32768 bytes ) from offset=1245764, target=1278532 
5,192,158,0,155,130,59,98,7,129,77,38,0,118,157,80,228,252,220,199,218,252,220,24,88,156,31,7,179,179,99,97,73,163,213,185,113,216,119,98,56,12,15,49,73,64,0,246,244,247,216,119,106,184,72,
-----
Data END
Crc START
Reading (4 bytes ) from offset=1278532, target=1278536 
167,120,185,84,
-----
Crc END
Length START
Reading (4 bytes ) from offset=1278536, target=1278540 
0,0,128,0,
-----
Length END
Type START
Reading (4 bytes ) from offset=1278540, target=1278544 
73,68,65,84,
-----
Type END= IDAT, 0x49444154
Data START
Reading (32768 bytes ) from offset=1278544, target=1311312 
89,130,45,142,171,224,127,220,21,103,210,227,112,58,237,8,110,20,93,193,221,146,155,52,239,73,160,121,106,42,205,157,50,125,210,107,178,84,41,165,153,170,148,220,12,173,248,180,196,1,39,47,95,154,65,32,221,151,76,227,
-----
Data END
Crc START
Reading (4 bytes ) from offset=1311312, target=1311316 
244,167,94,55,
-----
Crc END
Length START
Reading (4 bytes ) from offset=1311316, target=1311320 
0,0,128,0,
-----
Length END
Type START
Reading (4 bytes ) from offset=1311320, target=1311324 
73,68,65,84,
-----
Type END= IDAT, 0x49444154
Data START
Reading (32768 bytes ) from offset=1311324, target=1344092 
105,115,34,202,105,176,94,243,52,25,77,175,21,1,160,241,245,110,130,
-----
Data END
Crc START
Reading (4 bytes ) from offset=1344092, target=1344096 
211,101,61,158,
-----
Crc END
Length START
Reading (4 bytes ) from offset=1344096, target=1344100 
0,0,128,0,
-----
Length END
Type START
Reading (4 bytes ) from offset=1344100, target=1344104 
73,68,65,84,
-----
Type END= IDAT, 0x49444154
Data START
Reading (32768 bytes ) from offset=1344104, target=1376872 
114,236,89,136,201,173,143,19,55,125,110,61,87,244,96,167,128,113,21,1,47,207,252,179,48,80,246,56,137,150,201,226,202,207,237,0,217,184,241,94,69,168,8,0,233,229,65,18,156,193,145,75,231,144,77,23,57,213,158,161,242,94,165,34,0,92,205,177,197,213,92,43,220,230,118,115,156,37,82,66,199,180,202,25,25,181,46,50,123,205,142,252,57,141,138,59,63,11,56,28,153,53,62,95,68,155,251,117,1,146,189,145,43,173,253,148,50,3,246,12,224,84,126,46,61,96,191,128,244,10,37,3,224,126,109,168,8,4,226,9,80,25,250,197,76,144,69,11,222,215,252,198,120,217,254,162,7,220,142,50,65,150,12,251,37,15,146,80,210,162,68,241,3,37,138,154,247,208,50,153,246,159,69,152,35,18,12,236,121,77,9,2,253,247,235,163,105,63,66,233,154,9,64,6,109,99,22,69,6,103,62,212,209,245,65,113,151,174,149,155,165,174,114,142,217,51,130,207,51,11,60,183,74,189,104,233,43,237,31,179,184,131,65,93,28,125,87,18,74,31,236,167,237,216,79,64,123,84,90,48,86,62,37,232,127,124,8,213,207,232,188,63,85,188,24,42,185,43,128,100,42,36,137,16,80,208,76,199,162,137,75,49,252,228,154,230,172,138,180,10,39,105,251,119,179,216,90,140,
-----
Data END
Crc START
Reading (4 bytes ) from offset=1376872, target=1376876 
236,139,57,237,
-----
Crc END
Length START
Reading (4 bytes ) from offset=1376876, target=1376880 
0,0,128,0,
-----
Length END
Type START
Reading (4 bytes ) from offset=1376880, target=1376884 
73,68,65,84,
-----
Type END= IDAT, 0x49444154
Data START
Reading (32768 bytes ) from offset=1376884, target=1409652 
219,65,188,45,150,89,181,21,115,63,6,253,21,92,203,111,211,65,12,
-----
Data END
Crc START
Reading (4 bytes ) from offset=1409652, target=1409656 
177,52,182,130,
-----
Crc END
Length START
Reading (4 bytes ) from offset=1409656, target=1409660 
0,0,128,0,
-----
Length END
Type START
Reading (4 bytes ) from offset=1409660, target=1409664 
73,68,65,84,
-----
Type END= IDAT, 0x49444154
Data START
Reading (32768 bytes ) from offset=1409664, target=1442432 
0,22,106,13,192,60,245,1,152,189,235,107,204,83,251,14,75,116,70,64,90,127,44,54,152,79,165,243,88,10,21,207,149,4,216,91,168,127,238,132,89,140,18,253,47,106,193,227,144,17,193,186,6,76,98,20,9,206,183,65,51,72,134,158,153,171,196,140,191,162,199,50,108,119,91,2,121,215,5,212,190,115,168,125,167,67,206,133,147,19,174,160,123,102,21,92,14,106,33,173,216,87,132,1,216,165,170,64,55,76,6,134,17,91,160,19,44,67,182,158,238,213,213,80,247,93,67,247,9,45,253,86,83,
-----
Data END
Crc START
Reading (4 bytes ) from offset=1442432, target=1442436 
125,159,174,103,
-----
Crc END
Length START
Reading (4 bytes ) from offset=1442436, target=1442440 
0,0,128,0,
-----
Length END
Type START
Reading (4 bytes ) from offset=1442440, target=1442444 
73,68,65,84,
-----
Type END= IDAT, 0x49444154
Data START
Reading (32768 bytes ) from offset=1442444, target=1475212 
230,141,227,117,110,40,109,247,71,231,213,84,244,223,221,136,142,43,105,252,126,172,50,209,3,168,165,73,228,64,89,119,32,202,186,36,234,66,210,54,36,18,64,246,203,235,181,213,134,215,163,152,37,143,197,76,89,126,171,9,193,222,4,199,154,140,8,251,226,0,88,131,163,77,6,56,222,194,215,77,134,42,53,224,88,147,124,71,34,2,76,21,220,11,208,31,170,53,96,95,172,225,53,189,6,185,165,43,217,15,43,248,122,53,223,95,131,35,141,70,42,186,64,76,126,43,209,1,121,117,230,188,102,108,20,232,231,55,58,242,190,119,224,189,206,123,171,201,73,179,222,192,251,176,86,196,
-----
Data END
Crc START
Reading (4 bytes ) from offset=1475212, target=1475216 
155,7,155,252,
-----
Crc END
Length START
Reading (4 bytes ) from offset=1475216, target=1475220 
0,0,128,0,
-----
Length END
Type START
Reading (4 bytes ) from offset=1475220, target=1475224 
73,68,65,84,
-----
Type END= IDAT, 0x49444154
Data START
Reading (32768 bytes ) from offset=1475224, target=1507992 
151,199,113,
-----
Data END
Crc START
Reading (4 bytes ) from offset=1507992, target=1507996 
234,209,234,77,
-----
Crc END
Length START
Reading (4 bytes ) from offset=1507996, target=1508000 
0,0,128,0,
-----
Length END
Type START
Reading (4 bytes ) from offset=1508000, target=1508004 
73,68,65,84,
-----
Type END= IDAT, 0x49444154
Data START
Reading (32768 bytes ) from offset=1508004, target=1540772 
167,227,161,33,29,14,66,142,43,74,31,216,239,128,159,179,223,1,
-----
Data END
Crc START
Reading (4 bytes ) from offset=1540772, target=1540776 
236,152,82,183,
-----
Crc END
Length START
Reading (4 bytes ) from offset=1540776, target=1540780 
0,0,128,0,
-----
Length END
Type START
Reading (4 bytes ) from offset=1540780, target=1540784 
73,68,65,84,
-----
Type END= IDAT, 0x49444154
Data START
Reading (32768 bytes ) from offset=1540784, target=1573552 
7,144,146,129,186,240,47,218,75,128,218,131,200,67,250,74,8,144,210,126,81,243,203,33,37,59,17,188,79,155,203,123,85,136,128,124,166,222,223,191,87,147,72,80,226,
-----
Data END
Crc START
Reading (4 bytes ) from offset=1573552, target=1573556 
28,192,2,15,
-----
Crc END
Length START
Reading (4 bytes ) from offset=1573556, target=1573560 
0,0,128,0,
-----
Length END
Type START
Reading (4 bytes ) from offset=1573560, target=1573564 
73,68,65,84,
-----
Type END= IDAT, 0x49444154
Data START
Reading (32768 bytes ) from offset=1573564, target=1606332 
225,3,135,31,227,125,251,31,99,191,235,27,48,8,57,160,242,254,205,162,143,195,37,67,194,253,205,118,138,252,73,49,70,39,132,150,122,40,19,32,250,108,32,18,46,134,41,197,158,15,70,220,185,96,196,156,9,82,161,
-----
Data END
Crc START
Reading (4 bytes ) from offset=1606332, target=1606336 
251,207,24,7,
-----
Crc END
Length START
Reading (4 bytes ) from offset=1606336, target=1606340 
0,0,128,0,
-----
Length END
Type START
Reading (4 bytes ) from offset=1606340, target=1606344 
73,68,65,84,
-----
Type END= IDAT, 0x49444154
Data START
Reading (32768 bytes ) from offset=1606344, target=1639112 
92,165,134,212,118,217,168,244,142,186,110,238,239,56,127,215,197,76,30,
-----
Data END
Crc START
Reading (4 bytes ) from offset=1639112, target=1639116 
168,179,70,9,
-----
Crc END
Length START
Reading (4 bytes ) from offset=1639116, target=1639120 
0,0,128,0,
-----
Length END
Type START
Reading (4 bytes ) from offset=1639120, target=1639124 
73,68,65,84,
-----
Type END= IDAT, 0x49444154
Data START
Reading (32768 bytes ) from offset=1639124, target=1671892 
139,174,45,94,116,93,241,66,6,1,148,68,231,133,52,253,27,36,234,28,145,164,163,235,138,193,25,41,70,103,186,110,57,211,245,139,174,61,28,41,64,203,9,116,173,138,215,59,18,228,56,32,86,227,128,24,13,71,6,176,94,218,196,143,181,47,16,171,163,101,237,43,106,29,16,161,122,138,112,229,99,132,43,8,250,229,156,16,143,64,95,73,82,60,70,40,181,44,6,126,150,120,204,207,43,120,249,17,65,155,109,187,160,130,7,162,212,30,27,9,1,121,119,69,201,61,175,236,47,5,244,123,103,19,244,231,221,148,254,251,10,62,185,95,219,30,83,123,179,236,151,
-----
Data END
Crc START
Reading (4 bytes ) from offset=1671892, target=1671896 
201,53,133,14,
-----
Crc END
Length START
Reading (4 bytes ) from offset=1671896, target=1671900 
0,0,74,199,
-----
Length END
Type START
Reading (4 bytes ) from offset=1671900, target=1671904 
73,68,65,84,
-----
Type END= IDAT, 0x49444154
Data START
Reading (19143 bytes ) from offset=1671904, target=1691047 
223,140,125,123,97,51,242,131,181,237,248,63,218,220,201,187,115,245,232,175,103,106,225,223,10,164,54,126,79,
-----
Data END
Crc START
Reading (4 bytes ) from offset=1691047, target=1691051 
148,252,253,119,
-----
Crc END
Length START
Reading (4 bytes ) from offset=1691051, target=1691055 
0,0,0,0,
-----
Length END
Type START
Reading (4 bytes ) from offset=1691055, target=1691059 
73,69,78,68,
-----
Type END= IEND, 0x49454E44
Data START
Reading (0 bytes ) from offset=1691059, target=1691059 

-----
Data END
Crc START
Reading (4 bytes ) from offset=1691059, target=1691063 
174,66,96,130,
-----
Crc END
parsing done IEND chunk was reached:  ... stopping processing